1 905697
2 26067
3 6855
4 3952
5 3524
6 3651
7 4001
8 4339
9 4456
10 4424
11 4263
12 4189
13 3947
14 3855
15 3839
16 3915
17 3804
18 4145
19 4121
20 4281
21 4475
22 4820
23 5091
24 5248
25 5574
26 5512
27 5926
28 6168
29 6369
30 6703
31 7019
32 7197
33 7397
34 7771
35 8013
36 8633
37 8867
38 9094
39 9592
40 9983
41 10449
42 10723
43 11086
44 11339
45 11773
46 11970
47 12813
48 12933
49 13585
50 14340
51 15134
52 15382
53 16027
54 16498
55 16911
56 17587
57 17813
58 18509
59 19067
60 19548
61 19883
62 20423
63 21012
64 21779
65 22346
66 23065
67 23903
68 24534
69 24955
70 25437
71 26182
72 26368
73 26970
74 27157
75 28209
76 28629
77 29091
78 29595
79 30263
80 31003
81 31244
82 31592
83 32176
84 32564
85 32820
86 33507
87 34130
88 34519
89 34743
90 34947
91 35307
92 35877
93 36531
94 36954
95 37640
96 38388
97 38435
98 39414
99 39647
100 39946
101 40185
102 40450
103 40801
104 41261
105 41083
106 41894
107 42401
108 42737
109 43614
110 43038
111 43363
112 43854
113 43962
114 44355
115 44934
116 44745
117 45370
118 45104
119 45191
120 45316
121 45133
122 45466
123 45639
124 45665
125 45332
126 45572
127 45415
128 45437
129 45469
130 45576
131 44921
132 44688
133 44767
134 44822
135 45058
136 44672
137 44540
138 43787
139 44352
140 44132
141 43484
142 43152
143 42764
144 42377
145 41752
146 41432
147 41059
148 40513
149 39842
150 39246
151 38407
152 38135
153 37611
154 37083
155 36013
156 35676
157 34955
158 34731
159 33821
160 33089
161 32610
162 32075
163 30966
164 30459
165 30245
166 29378
167 28427
168 27621
169 26669
170 26202
171 25207
172 24769
173 24072
174 23494
175 22748
176 22256
177 21334
178 21020
179 20157
180 19563
181 19068
182 18207
183 17772
184 16952
185 16151
186 15680
187 15427
188 14690
189 13984
190 13527
191 13023
192 12678
193 11877
194 11412
195 10982
196 10683
197 10149
198 9787
199 9482
200 9050
201 8733
202 8188
203 7842
204 7444
205 7033
206 6666
207 6393
208 6034
209 5787
210 5541
211 5311
212 5151
213 4811
214 4597
215 4438
216 4217
217 3907
218 3749
219 3564
220 3418
221 3139
222 3083
223 2851
224 2857
225 2780
226 2567
227 2477
228 2432
229 2355
230 2157
231 2129
232 2019
233 1890
234 1896
235 1802
236 1688
237 1668
238 1587
239 1538
240 1383
241 1396
242 1326
243 1251
244 1251
245 1228
246 1207
247 1138
248 1077
249 1082
250 1003
251 995
252 982
253 951
254 937
255 835
256 908
257 870
258 799
259 757
260 742
261 798
262 778
263 667
264 761
265 726
266 709
267 627
268 637
269 655
270 634
271 596
272 597
273 552
274 541
275 540
276 549
277 588
278 532
279 583
280 590
281 541
282 576
283 528
284 552
285 509
286 519
287 507
288 487
289 461
290 459
291 461
292 489
293 468
294 447
295 449
296 476
297 430
298 451
299 479
300 406
301 459
302 453
303 451
304 437
305 406
306 408
307 432
308 427
309 442
310 423
311 389
312 349
313 366
314 371
315 343
316 319
317 341
318 324
319 324
320 320
321 310
322 298
323 288
324 294
325 280
326 302
327 283
328 278
329 256
330 268
331 258
332 260
333 235
334 249
335 215
336 218
337 238
338 219
339 242
340 224
341 203
342 210
343 193
344 205
345 192
346 185
347 189
348 214
349 222
350 214
351 175
352 201
353 177
354 184
355 182
356 187
357 197
358 172
359 192
360 176
361 169
362 148
363 179
364 163
365 187
366 159
367 147
368 135
369 144
370 147
371 159
372 148
373 124
374 152
375 130
376 144
377 154
378 140
379 149
380 113
381 118
382 139
383 128
384 138
385 140
386 123
387 145
388 123
389 151
390 133
391 143
392 128
393 115
394 134
395 129
396 106
397 133
398 105
399 110
400 122
401 110
402 103
403 120
404 95
405 125
406 99
407 110
408 98
409 114
410 83
411 103
412 109
413 119
414 104
415 97
416 87
417 80
418 80
419 94
420 96
421 81
422 94
423 81
424 79
425 83
426 82
427 64
428 76
429 95
430 76
431 66
432 74
433 82
434 74
435 64
436 78
437 71
438 57
439 86
440 62
441 72
442 67
443 77
444 54
445 59
446 68
447 60
448 69
449 65
450 65
451 67
452 49
453 64
454 68
455 69
456 53
457 69
458 65
459 71
460 66
461 50
462 57
463 34
464 57
465 56
466 55
467 50
468 64
469 50
470 52
471 42
472 44
473 41
474 43
475 53
476 41
477 35
478 37
479 31
480 44
481 51
482 35
483 41
484 39
485 40
486 42
487 45
488 52
489 56
490 47
491 43
492 42
493 39
494 38
495 50
496 32
497 37
498 43
499 40
500 41
501 48
502 38
503 33
504 39
505 44
506 30
507 46
508 49
509 31
510 47
511 45
512 44
513 34
514 47
515 40
516 46
517 39
518 39
519 48
520 44
521 39
522 40
523 43
524 38
525 36
526 46
527 26
528 42
529 35
530 46
531 37
532 52
533 44
534 56
535 41
536 59
537 38
538 53
539 41
540 43
541 43
542 43
543 45
544 29
545 43
546 39
547 39
548 46
549 32
550 37
551 25
552 29
553 35
554 31
555 39
556 39
557 33
558 36
559 34
560 33
561 37
562 35
563 37
564 38
565 36
566 27
567 30
568 31
569 27
570 36
571 23
572 41
573 27
574 24
575 28
576 33
577 29
578 14
579 27
580 29
581 32
582 34
583 33
584 16
585 27
586 30
587 29
588 11
589 21
590 32
591 14
592 22
593 30
594 26
595 22
596 19
597 27
598 20
599 19
600 17
601 30
602 21
603 17
604 25
605 26
606 22
607 22
608 25
609 21
610 37
611 25
612 22
613 33
614 33
615 18
616 26
617 18
618 23
619 27
620 37
621 29
622 31
623 35
624 28
625 31
626 28
627 37
628 24
629 28
630 38
631 26
632 26
633 31
634 36
635 22
636 28
637 29
638 33
639 19
640 26
641 19
642 27
643 23
644 21
645 20
646 31
647 24
648 38
649 24
650 14
651 25
652 18
653 20
654 22
655 21
656 19
657 27
658 23
659 18
660 22
661 27
662 33
663 28
664 30
665 26
666 27
667 26
668 26
669 22
670 27
671 23
672 26
673 20
674 23
675 30
676 31
677 28
678 34
679 27
680 33
681 22
682 21
683 39
684 32
685 28
686 22
687 26
688 21
689 17
690 20
691 20
692 26
693 27
694 32
695 23
696 29
697 30
698 21
699 29
700 21
701 18
702 24
703 21
704 26
705 25
706 22
707 30
708 31
709 27
710 30
711 27
712 30
713 25
714 14
715 35
716 25
717 33
718 24
719 22
720 28
721 24
722 24
723 26
724 18
725 17
726 20
727 15
728 14
729 22
730 23
731 26
732 20
733 21
734 22
735 29
736 19
737 20
738 25
739 17
740 18
741 25
742 23
743 23
744 17
745 13
746 25
747 12
748 26
749 11
750 20
751 24
752 18
753 16
754 28
755 17
756 10
757 16
758 28
759 17
760 15
761 13
762 11
763 15
764 14
765 17
766 14
767 16
768 15
769 15
770 24
771 24
772 13
773 10
774 16
775 14
776 10
777 18
778 13
779 17
780 18
781 18
782 20
783 8
784 15
785 19
786 20
787 29
788 23
789 15
790 20
791 18
792 16
793 14
794 17
795 16
796 18
797 19
798 21
799 21
800 12
801 18
802 26
803 15
804 12
805 24
806 21
807 11
808 15
809 24
810 23
811 18
812 14
813 22
814 17
815 29
816 29
817 22
818 16
819 13
820 22
821 15
822 25
823 11
824 13
825 16
826 14
827 17
828 17
829 14
830 24
831 15
832 21
833 21
834 9
835 17
836 14
837 13
838 16
839 15
840 19
841 18
842 14
843 13
844 12
845 14
846 21
847 12
848 17
849 13
850 17
851 13
852 16
853 12
854 19
855 13
856 13
857 17
858 14
859 11
860 12
861 10
862 12
863 14
864 12
865 13
866 14
867 14
868 11
869 16
870 16
871 13
872 16
873 17
874 14
875 20
876 11
877 16
878 16
879 13
880 12
881 21
882 12
883 19
884 16
885 20
886 15
887 13
888 16
889 10
890 21
891 18
892 23
893 18
894 25
895 17
896 17
897 14
898 19
899 18
900 17
901 20
902 20
903 15
904 13
905 12
906 10
907 9
908 19
909 11
910 9
911 14
912 16
913 15
914 19
915 9
916 16
917 12
918 7
919 6
920 18
921 14
922 17
923 12
924 12
925 11
926 9
927 11
928 14
929 18
930 11
931 15
932 19
933 15
934 14
935 18
936 26
937 30
938 27
939 26
940 10
941 19
942 28
943 23
944 24
945 18
946 20
947 30
948 15
949 18
950 18
951 27
952 26
953 20
954 34
955 24
956 21
957 16
958 13
959 18
960 20
961 23
962 15
963 19
964 11
965 20
966 21
967 12
968 11
969 17
970 17
971 13
972 19
973 21
974 14
975 19
976 12
977 13
978 23
979 13
980 18
981 15
982 12
983 18
984 22
985 22
986 8
987 21
988 22
989 17
990 21
991 19
992 18
993 17
994 21
995 15
996 15
997 14
998 14
999 11
1000 15
1001 16
1002 11
1003 12
1004 17
1005 19
1006 16
1007 17
1008 15
1009 10
1010 21
1011 17
1012 19
1013 14
1014 15
1015 21
1016 10
1017 10
1018 15
1019 12
1020 15
1021 8
1022 14
1023 18
1024 8
1025 12
1026 13
1027 13
1028 15
1029 15
1030 18
1031 15
1032 14
1033 11
1034 8
1035 16
1036 19
1037 10
1038 14
1039 19
1040 16
1041 14
1042 15
1043 19
1044 14
1045 18
1046 13
1047 20
1048 19
1049 15
1050 16
1051 14
1052 8
1053 16
1054 19
1055 14
1056 22
1057 22
1058 20
1059 9
1060 17
1061 25
1062 23
1063 21
1064 27
1065 14
1066 15
1067 16
1068 22
1069 12
1070 21
1071 16
1072 15
1073 16
1074 15
1075 12
1076 10
1077 21
1078 19
1079 8
1080 16
1081 16
1082 12
1083 15
1084 14
1085 13
1086 15
1087 14
1088 10
1089 18
1090 16
1091 9
1092 8
1093 13
1094 18
1095 13
1096 11
1097 11
1098 15
1099 15
1100 17
1101 15
1102 13
1103 20
1104 8
1105 17
1106 7
1107 15
1108 18
1109 18
1110 13
1111 15
1112 10
1113 19
1114 12
1115 18
1116 13
1117 12
1118 16
1119 12
1120 13
1121 16
1122 21
1123 22
1124 21
1125 21
1126 19
1127 26
1128 21
1129 19
1130 15
1131 20
1132 17
1133 20
1134 15
1135 24
1136 16
1137 17
1138 12
1139 21
1140 9
1141 20
1142 14
1143 13
1144 12
1145 9
1146 16
1147 10
1148 12
1149 13
1150 10
1151 9
1152 12
1153 6
1154 8
1155 11
1156 7
1157 11
1158 11
1159 8
1160 15
1161 10
1162 10
1163 14
1164 8
1165 9
1166 10
1167 8
1168 7
1169 14
1170 14
1171 13
1172 7
1173 6
1174 8
1175 4
1176 9
1177 8
1178 12
1179 9
1180 7
1181 7
1182 9
1183 6
1184 6
1185 8
1186 8
1187 15
1188 12
1189 7
1190 7
1191 7
1192 8
1193 9
1194 12
1195 14
1196 7
1197 8
1198 6
1199 11
1200 9
1201 6
1202 13
1203 10
1204 8
1205 9
1206 8
1207 14
1208 13
1209 14
1210 9
1211 5
1212 16
1213 8
1214 8
1215 4
1216 6
1217 6
1218 16
1219 4
1220 13
1221 9
1222 10
1223 10
1224 12
1225 5
1226 11
1227 5
1228 14
1229 8
1230 7
1231 7
1232 17
1233 10
1234 6
1235 11
1236 6
1237 7
1238 7
1239 8
1240 8
1241 6
1242 5
1243 10
1244 8
1245 10
1246 13
1247 12
1248 15
1249 3
1250 5
1251 8
1252 5
1253 7
1254 4
1255 7
1256 8
1257 9
1258 5
1259 10
1260 6
1261 6
1262 11
1263 6
1264 4
1265 7
1266 8
1267 7
1268 5
1269 3
1270 3
1271 4
1272 4
1273 11
1274 8
1275 8
1276 10
1277 8
1278 8
1279 9
1280 3
1281 5
1282 7
1283 3
1284 6
1285 4
1286 10
1287 7
1288 7
1289 5
1290 6
1291 5
1292 9
1293 8
1294 3
1295 7
1296 7
1297 4
1298 5
1299 8
1300 5
1301 8
1302 5
1303 4
1304 4
1305 4
1306 4
1307 6
1308 7
1309 4
1310 4
1311 2
1312 9
1313 4
1314 6
1315 7
1316 2
1317 8
1318 7
1319 5
1320 3
1321 3
1322 4
1323 5
1324 1
1325 6
1326 4
1327 2
1328 3
1329 6
1330 4
1331 3
1332 7
1333 7
1334 8
1335 3
1336 2
1337 3
1338 7
1339 3
1341 2
1342 6
1343 3
1344 4
1345 5
1346 3
1347 3
1348 5
1349 4
1350 4
1351 1
1352 5
1353 3
1354 2
1355 4
1356 2
1357 3
1358 4
1359 2
1360 2
1361 3
1362 2
1363 3
1364 3
1365 2
1366 4
1367 2
1368 4
1369 3
1370 1
1371 2
1372 6
1373 3
1374 1
1375 3
1376 6
1378 4
1379 2
1380 3
1381 3
1382 4
1383 3
1384 1
1385 4
1386 2
1387 1
1388 2
1389 2
1390 3
1392 3
1393 4
1394 5
1395 3
1396 4
1397 4
1398 5
1399 3
1400 2
1401 4
1403 2
1404 2
1405 1
1406 5
1408 1
1409 2
1410 2
1412 2
1413 2
1414 4
1415 2
1416 1
1419 2
1420 1
1421 2
1422 3
1424 1
1425 3
1426 1
1428 3
1429 1
1430 1
1431 2
1432 1
1433 2
1435 2
1436 5
1437 2
1439 5
1440 1
1441 2
1442 2
1443 1
1444 2
1445 2
1446 1
1447 3
1450 2
1451 5
1452 1
1453 3
1454 5
1455 1
1456 1
1457 1
1459 2
1460 3
1461 1
1462 6
1463 1
1465 2
1467 3
1470 1
1472 2
1473 1
1474 3
1475 1
1476 1
1477 1
1478 2
1479 2
1480 3
1481 1
1482 5
1483 2
1484 3
1485 1
1487 2
1488 3
1489 1
1491 2
1492 1
1493 2
1494 2
1495 2
1496 1
1497 2
1498 2
1499 1
1500 2
1501 1
1502 1
1504 2
1505 2
1506 2
1507 3
1508 3
1509 7
1510 1
1511 6
1512 2
1513 3
1515 3
1516 3
1517 2
1518 2
1519 3
1520 3
1522 1
1523 5
1524 4
1525 4
1526 2
1527 6
1528 2
1529 3
1530 3
1531 4
1532 1
1533 2
1534 3
1535 6
1536 3
1538 6
1539 1
1540 3
1541 2
1542 2
1543 2
1544 1
1546 2
1547 1
1548 1
1550 1
1551 1
1554 4
1555 3
1556 4
1557 3
1558 2
1559 2
1560 2
1561 1
1563 1
1564 5
1565 1
1566 2
1567 2
1568 2
1570 1
1571 1
1573 1
1574 1
1575 1
1576 2
1577 1
1580 2
1583 2
1584 3
1585 5
1586 1
1587 4
1588 2
1590 1
1591 4
1592 2
1594 2
1597 2
1599 1
1600 1
1602 2
1603 1
1604 1
1605 1
1607 1
1608 1
1609 1
1613 1
1618 1
1619 1
1620 1
1621 1
1624 1
1632 1
1633 1
1671 1
1673 1
1677 1
1682 1
1686 2
1700 1
1705 2
1712 1
1717 1
1870 1
1873 1
1891 1
2006 1
2015 1
2072 1
2140 1
2154 1
2258 1
2265 1
2283 1
